30.065371985657183 31.27693180989135
30.065423054891827 31.277012276155023
30.065464838791492 31.277141022176895
30.065497337367916 31.27718393751752
30.06555304918841 31.277248310528453
30.065566977138623 31.277344870044857
30.065817679907465 31.278106617340917
30.066054454161616 31.278809356043624
30.0662540869162 31.279345797801412
30.066346939222978 31.279715942614295
30.066295870465012 31.279833959801007
30.06624480168071 31.279855417471314
30.065943031053767 31.280027078833808
30.065803751992522 31.280064629756854
30.0657433976718 31.280123638350208
